   1  1030  490.00
   2  1024  485.00
   3  1018  480.00
   4  1012  475.00
   5  1027  461.00
   6  1008  461.00
   7  1004  459.00
   8  1021  456.00
   9  1015  451.00
  10  1002  443.00
  11  1009  431.00
  12  1001  418.00
  13  1006  416.00
  14  1013  416.00
  15  1019  411.00
  16  1005  408.00
  17  1025  406.00
  18  1014  401.00
  19  1020  396.00
  20  1026  391.00
  21  1010  386.00
  22  1016  381.00
  23  1022  376.00
  24  1028  371.00
  25  1007  368.00
  26  1003  356.00
  27  1011  351.00
  28  1017  336.00
  29  1023  331.00
  30  1029  326.00
