1001 76 85 88 92 77
1002 88 90 85 93 87
1003 67 76 74 68 71
1004 95 92 88 94 90
1005 78 82 84 79 85
1006 83 85 80 82 86
1007 70 75 73 78 72
1008 90 93 95 92 91
1009 85 87 89 86 84
1010 75 78 80 77 76
1011 68 71 73 70 69
1012 93 95 97 94 96
1013 82 84 86 83 81
1014 79 81 83 80 78
1015 88 91 93 90 89
1016 74 77 79 76 75
1017 65 68 70 67 66
1018 94 96 98 95 97
1019 81 83 85 82 80
1020 78 80 82 79 77
1021 89 92 94 91 90
1022 73 76 78 75 74
1023 64 67 69 66 65
1024 95 97 99 96 98
1025 80 82 84 81 79
1026 77 79 81 78 76
1027 90 93 95 92 91
1028 72 75 77 74 73
1029 63 66 68 65 64
1030 96 98 100 97 99
