 5101  9999.0
 5102  9999.0
 5103  9999.0
 5104  9999.0
 5105  9999.0
 5106  9999.0
 5107  9999.0
 5108  9999.0
 5109  9999.0
 5110  9999.0
 5111  9999.0
 5112  9999.0
 5113  9999.0
 5114  9999.0
 5115  9999.0
 5116  9999.0
 5117  9999.0
 5118  9999.0
 5119  9999.0
 5120  9999.0
 5121  9999.0
 5201  9999.0
 5202  9999.0
 5203  9999.0
 5204  9999.0
 5205  9999.0
 5206  9999.0
 5207  9999.0
 5208  9999.0
 5209  9999.0
 5210  9999.0
 5211  9999.0
 5212  9999.0
 5213  9999.0
 5214  9999.0
 5215  9999.0
 5216  9999.0
 5217  9999.0
 5218  9999.0
 5219  9999.0
 5220  9999.0
 5221  9999.0
 5222  9999.0
 5223  9999.0
 5224  9999.0
 5225  9999.0
 5226  9999.0
 5227  9999.0
 5301  9999.0
 5302  9999.0
 5303  9999.0
 5304  9999.0
 5305  9999.0
 5306  9999.0
 5307  9999.0
 5308  9999.0
 5309  9999.0
 5310  9999.0
 5311  9999.0
 5312  9999.0
 5313  9999.0
 5314  9999.0
 5315  9999.0
 5316  9999.0
 5317  9999.0
 5318  9999.0
 5319  9999.0
 5320  9999.0
 5321  9999.0
 5322  9999.0
 5323  9999.0
 5401  9999.0
 5403  9999.0
 5404  9999.0
 5405  9999.0
 5406  9999.0
 5407  9999.0
 5408  9999.0
 5409  9999.0
 5411  9999.0
 5412  9999.0
 5413  9999.0
 5414  9999.0
 5415  9999.0
 5416  9999.0
 5417  9999.0
 5418  9999.0
 5419  9999.0
 5420  9999.0
 5421  9999.0
 5422  9999.0
 5423  9999.0
 5501  9999.0
 5502  9999.0
 5503  9999.0
 5504  9999.0
 5505  9999.0
 5506  9999.0
 5507  9999.0
 5508  9999.0
 5509  9999.0
 5510  9999.0
 5511  9999.0
 5512  9999.0
 5513  9999.0
 5514  9999.0
 5515  9999.0
 5516  9999.0
 5517  9999.0
 5518  9999.0
 5519  9999.0
 5520  9999.0
 5521  9999.0
 5522  9999.0
 5523  9999.0
 5524  9999.0
 5525  9999.0
 5526  9999.0
 5527  9999.0
 5528  9999.0
 5601  9999.0
 5602  9999.0
 5603  9999.0
 5604  9999.0
 5605  9999.0
 5606  9999.0
 5607  9999.0
 5608  9999.0
 5609  9999.0
 5610  9999.0
 5611  9999.0
 5612  9999.0
 5613  9999.0
 5614  9999.0
 5615  9999.0
 5616  9999.0
 5617  9999.0
 5618  9999.0
 5619  9999.0
 5620  9999.0
 5621  9999.0
 5622  9999.0
 5623  9999.0
 5701  9999.0
 5702  9999.0
 5703  9999.0
 5704  9999.0
 5705  9999.0
 5706  9999.0
 5707  9999.0
 5708  9999.0
 5709  9999.0
 5710  9999.0
 5711  9999.0
 5712  9999.0
 5713  9999.0
 5714  9999.0
 5715  9999.0
 5716  9999.0
 5717  9999.0
 5718  9999.0
 5719  9999.0
 5720  9999.0
 5721  9999.0
 5722  9999.0
 5801  9999.0
 5802  9999.0
 5803  9999.0
 5804  9999.0
 5805  9999.0
 5806  9999.0
 5807  9999.0
 5808  9999.0
 5809  9999.0
 5810  9999.0
 5811  9999.0
 5812  9999.0
 5813  9999.0
 5814  9999.0
 5815  9999.0
 5816  9999.0
 5817  9999.0
 5818  9999.0
 5819  9999.0
 5820  9999.0
 5821  9999.0
 5822  9999.0
 5823  9999.0
 5824  9999.0
 5825  9999.0
 5826  9999.0
 5827  9999.0
 5828  9999.0
 5829  9999.0
 5830  9999.0
 5831  9999.0
 5901  9999.0
 5902  9999.0
 5903  9999.0
 5904  9999.0
 5905  9999.0
 5906  9999.0
 5907  9999.0
 5908  9999.0
 5909  9999.0
 5910  9999.0
 5911  9999.0
 5912  9999.0
 5913  9999.0
 5914  9999.0
 5915  9999.0
 5916  9999.0
 5917  9999.0
 5918  9999.0
 5919  9999.0
 5920  9999.0
 5921  9999.0
 5922  9999.0
 5923  9999.0
 6001  9999.0
 6002  9999.0
 6003  9999.0
 6004  9999.0
 6005  9999.0
 6006  9999.0
 6007  9999.0
 6008  9999.0
 6009  9999.0
 6010  9999.0
 6011  9999.0
 6012  9999.0
 6013  9999.0
 6014  9999.0
 6015  9999.0
 6016  9999.0
 6017  9999.0
 6018  9999.0
 6019  9999.0
 6020  9999.0
 6021  9999.0
 6022  9999.0
 6023  9999.0
 6024  9999.0
 6025  9999.0
 6026  9999.0
 6027  9999.0
 6101  9999.0
 6102  9999.0
 6103  9999.0
 6104  9999.0
 6105  9999.0
 6106  9999.0
 6107  9999.0
 6108  9999.0
 6109  9999.0
 6110  9999.0
 6111  9999.0
 6112  9999.0
 6113  9999.0
 6114  9999.0
 6115  9999.0
 6116  9999.0
 6117  9999.0
 6118  9999.0
 6119  9999.0
 6120  9999.0
 6121  9999.0
 6122  9999.0
 6123  9999.0
 6124  9999.0
 6125  9999.0
 6126  9999.0
 6127  9999.0
 6128  9999.0
 6129  9999.0
 6201  9999.0
 6202  9999.0
 6203  9999.0
 6204  9999.0
 6205  9999.0
 6206  9999.0
 6207  9999.0
 6208  9999.0
 6209  9999.0
 6210  9999.0
 6211  9999.0
 6212  9999.0
 6213  9999.0
 6214  9999.0
 6215  9999.0
 6216  9999.0
 6217  9999.0
 6218  9999.0
 6219  9999.0
 6220  9999.0
 6221  9999.0
 6222  9999.0
 6223  9999.0
 6224  9999.0
 6225  9999.0
 6226  9999.0
 6227  9999.0
 6228  9999.0
 6229  9999.0
 6230  9999.0
 6301  9999.0
 6302  9999.0
 6303  9999.0
 6304  9999.0
 6305  9999.0
 6306  9999.0
 6307  9999.0
 6308  9999.0
 6309  9999.0
 6310  9999.0
 6311  9999.0
 6312  9999.0
 6313  9999.0
 6314  9999.0
 6315  9999.0
 6316  9999.0
 6317  9999.0
 6318  9999.0
 6319  9999.0
 6320  9999.0
 6321  9999.0
 6322  9999.0
 6323  9999.0
 6324  9999.0
 6401  9999.0
 6402  9999.0
 6403  9999.0
 6404  9999.0
 6405  9999.0
 6406  9999.0
 6407  9999.0
 6408  9999.0
 6409  9999.0
 6410  9999.0
 6411  9999.0
 6412  9999.0
 6413  9999.0
 6414  9999.0
 6415  9999.0
 6416  9999.0
 6417  9999.0
 6418  9999.0
 6419  9999.0
 6420  9999.0
 6421  9999.0
 6422  9999.0
 6423  9999.0
 6424  9999.0
 6425  9999.0
 6426  9999.0
 6427  9999.0
 6428  9999.0
 6429  9999.0
 6430  9999.0
 6431  9999.0
 6432  9999.0
 6433  9999.0
 6434  9999.0
 6501  9999.0
 6502  9999.0
 6503  9999.0
 6504  9999.0
 6505  9999.0
 6506  9999.0
 6507  9999.0
 6508  9999.0
 6509  9999.0
 6510  9999.0
 6511  9999.0
 6512  9999.0
 6513  9999.0
 6514  9999.0
 6515  9999.0
 6516  9999.0
 6517  9999.0
 6518  9999.0
 6519  9999.0
 6520  9999.0
 6521  9999.0
 6522  9999.0
 6523  9999.0
 6524  9999.0
 6525  9999.0
 6526  9999.0
 6527  9999.0
 6528  9999.0
 6529  9999.0
 6530  9999.0
 6531  9999.0
 6532  9999.0
 6601  9999.0
 6602  9999.0
 6603  9999.0
 6604  9999.0
 6605  9999.0
 6606  9999.0
 6607  9999.0
 6608  9999.0
 6609  9999.0
 6610  9999.0
 6611  9999.0
 6612  9999.0
 6613  9999.0
 6614  9999.0
 6615  9999.0
 6616  9999.0
 6617  9999.0
 6618  9999.0
 6619  9999.0
 6620  9999.0
 6621  9999.0
 6622  9999.0
 6623  9999.0
 6624  9999.0
 6625  9999.0
 6626  9999.0
 6627  9999.0
 6628  9999.0
 6629  9999.0
 6630  9999.0
 6631  9999.0
 6632  9999.0
 6633  9999.0
 6634  9999.0
 6635  9999.0
 6701  9999.0
 6702  9999.0
 6703  9999.0
 6704  9999.0
 6705  9999.0
 6706  9999.0
 6707  9999.0
 6708  9999.0
 6709  9999.0
 6710  9999.0
 6711  9999.0
 6712  9999.0
 6713  9999.0
 6714  9999.0
 6715  9999.0
 6716  9999.0
 6717  9999.0
 6718  9999.0
 6719  9999.0
 6720  9999.0
 6721  9999.0
 6722  9999.0
 6723  9999.0
 6724  9999.0
 6725  9999.0
 6726  9999.0
 6727  9999.0
 6728  9999.0
 6729  9999.0
 6730  9999.0
 6731  9999.0
 6732  9999.0
 6733  9999.0
 6734  9999.0
 6735  9999.0
 6736  9999.0
 6737  9999.0
 6738  9999.0
 6739  9999.0
 6801  9999.0
 6802  9999.0
 6803  9999.0
 6804  9999.0
 6805  9999.0
 6806  9999.0
 6807  9999.0
 6808  9999.0
 6809  9999.0
 6810  9999.0
 6811  9999.0
 6812  9999.0
 6813  9999.0
 6814  9999.0
 6815  9999.0
 6816  9999.0
 6817  9999.0
 6818  9999.0
 6819  9999.0
 6820  9999.0
 6821  9999.0
 6822  9999.0
 6823  9999.0
 6824  9999.0
 6825  9999.0
 6826  9999.0
 6827  9999.0
 6901  9999.0
 6902  9999.0
 6903  9999.0
 6904  9999.0
 6905  9999.0
 6906  9999.0
 6907  9999.0
 6908  9999.0
 6909  9999.0
 6910  9999.0
 6911  9999.0
 6912  9999.0
 6913  9999.0
 6914  9999.0
 6915  9999.0
 6916  9999.0
 6917  9999.0
 6918  9999.0
 6919  9999.0
 7001  9999.0
 7002  9999.0
 7003  9999.0
 7004  9999.0
 7005  9999.0
 7006  9999.0
 7007  9999.0
 7008  9999.0
 7009  9999.0
 7010  9999.0
 7011  9999.0
 7012  9999.0
 7013  9999.0
 7014  9999.0
 7015  9999.0
 7016  9999.0
 7017  9999.0
 7018  9999.0
 7019  9999.0
 7020  9999.0
 7021  9999.0
 7022  9999.0
 7023  9999.0
 7024  9999.0
 7025  9999.0
 7026  9999.0
 7101  9999.0
 7102  9999.0
 7103  9999.0
 7104  9999.0
 7105  9999.0
 7106  9999.0
 7107  9999.0
 7108  9999.0
 7109  9999.0
 7110  9999.0
 7111  9999.0
 7112  9999.0
 7113  9999.0
 7114  9999.0
 7115  9999.0
 7116  9999.0
 7117  9999.0
 7118  9999.0
 7119  9999.0
 7120  9999.0
 7121  9999.0
 7122  9999.0
 7123  9999.0
 7124  9999.0
 7125  9999.0
 7126  9999.0
 7127  9999.0
 7128  9999.0
 7129  9999.0
 7130  9999.0
 7131  9999.0
 7132  9999.0
 7133  9999.0
 7134  9999.0
 7135  9999.0
 7136  9999.0
 7201  9999.0
 7202  9999.0
 7203  9999.0
 7204  9999.0
 7205  9999.0
 7206  9999.0
 7207  9999.0
 7208  9999.0
 7209  9999.0
 7210  9999.0
 7211  9999.0
 7212  9999.0
 7213  9999.0
 7214  9999.0
 7215  9999.0
 7216  9999.0
 7217  9999.0
 7218  9999.0
 7219  9999.0
 7220  9999.0
 7221  9999.0
 7222  9999.0
 7223  9999.0
 7224  9999.0
 7225  9999.0
 7226  9999.0
 7227  9999.0
 7228  9999.0
 7229  9999.0
 7230  9999.0
 7231  9999.0
 7301  9999.0
 7302  9999.0
 7303  9999.0
 7304  9999.0
 7305  9999.0
 7306  9999.0
 7307  9999.0
 7308  9999.0
 7309  9999.0
 7310  9999.0
 7311  9999.0
 7312  9999.0
 7313  9999.0
 7314  9999.0
 7315  9999.0
 7316  9999.0
 7317  9999.0
 7318  9999.0
 7319  9999.0
 7320  9999.0
 7321  9999.0
 7401  9999.0
 7402  9999.0
 7403  9999.0
 7404  9999.0
 7405  9999.0
 7406  9999.0
 7407  9999.0
 7408  9999.0
 7409  9999.0
 7410  9999.0
 7411  9999.0
 7412  9999.0
 7413  9999.0
 7414  9999.0
 7415  9999.0
 7416  9999.0
 7417  9999.0
 7418  9999.0
 7419  9999.0
 7420  9999.0
 7421  9999.0
 7422  9999.0
 7423  9999.0
 7424  9999.0
 7425  9999.0
 7426  9999.0
 7427  9999.0
 7428  9999.0
 7429  9999.0
 7430  9999.0
 7431  9999.0
 7432  9999.0
 7501  9999.0
 7502  9999.0
 7503  9999.0
 7504  9999.0
 7505  9999.0
 7506  9999.0
 7507  9999.0
 7508  9999.0
 7509  9999.0
 7510  9999.0
 7511  9999.0
 7512  9999.0
 7513  9999.0
 7514  9999.0
 7515  9999.0
 7516  9999.0
 7517  9999.0
 7518  9999.0
 7519  9999.0
 7520  9999.0
 7521  9999.0
 7601  9999.0
 7602  9999.0
 7603  9999.0
 7604  9999.0
 7605  9999.0
 7606  9999.0
 7607  9999.0
 7608  9999.0
 7609  9999.0
 7610  9999.0
 7611  9999.0
 7612  9999.0
 7613  9999.0
 7614  9999.0
 7615  9999.0
 7616  9999.0
 7617  9999.0
 7618  9999.0
 7619  9999.0
 7620  9999.0
 7621  9999.0
 7622  9999.0
 7623  9999.0
 7624  9999.0
 7625  9999.0
 7701     0.0
 7702     0.0
 7703     0.0
 7704     0.0
 7705     0.0
 7706     0.0
 7707     0.0
 7708     0.0
 7709     0.0
 7710     0.0
 7711     0.0
 7712     0.0
 7713     0.0
 7714     0.0
 7715     0.0
 7716     0.0
 7717     0.0
 7718     0.0
 7719     0.0
 7720     0.0
 7721     0.0
 7801     0.0
 7802     0.0
 7803     0.0
 7804     0.0
 7805     0.0
 7806     0.0
 7807     0.0
 7808     0.0
 7809     0.0
 7810     0.0
 7811     0.0
 7812     0.0
 7813     0.0
 7814     0.0
 7815     0.0
 7816     0.0
 7817     0.0
 7818     0.0
 7819     0.0
 7820     0.0
 7821     0.0
 7822     0.0
 7823     0.0
 7824     0.0
 7825     0.0
 7826     0.0
 7827     0.0
 7828     0.0
 7829     0.0
 7830     0.0
 7901     0.0
 7902     0.0
 7903     0.0
 7904     0.0
 7905     0.0
 7906     0.0
 7907     0.0
 7908     0.0
 7909     0.0
 7910     0.0
 7911     0.0
 7912     0.0
 7913     0.0
 7914     0.0
 7915     0.0
 7916     0.0
 7917  9999.0
 7918     0.0
 7919     0.0
 7920     0.0
 7921     0.0
 7922     0.0
 7923     0.0
 7924     0.0
 8001     0.0
 8002     0.0
 8003     0.0
 8004     0.0
 8005     0.0
 8006     0.0
 8007     0.0
 8008     0.0
 8009     0.0
 8010     0.0
 8011     0.0
 8012     0.0
 8013     0.0
 8014     0.0
 8015     0.0
 8016     0.0
 8017     0.0
 8018     0.0
 8019     0.0
 8020     0.0
 8021     0.0
 8022     0.0
 8023     0.0
 8024     0.0
 8101     0.0
 8102     0.0
 8103     0.0
 8104     0.0
 8105     0.0
 8106     0.0
 8107     0.0
 8108     0.0
 8109     0.0
 8110     0.0
 8111     0.0
 8112     0.0
 8113     0.0
 8114     0.0
 8115     0.0
 8116     0.0
 8117     0.0
 8118     0.0
 8119     0.0
 8120     0.0
 8121     0.0
 8122     0.0
 8123     0.0
 8124     0.0
 8125     0.0
 8126     0.0
 8127     0.0
 8128     0.0
 8129     0.0
 8201     0.0
 8202     0.0
 8203     0.0
 8204     0.0
 8205     0.0
 8206     0.0
 8207     0.0
 8208     0.0
 8209     0.0
 8210     0.0
 8211     0.0
 8212     0.0
 8213     0.0
 8214     0.0
 8215     0.0
 8216     0.0
 8217     0.0
 8218     0.0
 8219     0.0
 8220     0.0
 8221     0.0
 8222     0.0
 8223     0.0
 8224     0.0
 8225     0.0
 8301     0.0
 8302     0.0
 8303     0.0
 8304     0.0
 8305     0.0
 8306     0.0
 8307     0.0
 8308     0.0
 8309     0.0
 8310     0.0
 8311     0.0
 8312     0.0
 8313     0.0
 8314     0.0
 8315     0.0
 8316     0.0
 8317     0.0
 8318     0.0
 8319     0.0
 8320     0.0
 8321     0.0
 8322     0.0
 8323     0.0
 8401     0.0
 8402     0.0
 8403     0.0
 8404     0.0
 8405     0.0
 8406     0.0
 8407     0.0
 8408     0.0
 8409     0.0
 8410     0.0
 8411     0.0
 8412     0.0
 8413     0.0
 8414     0.0
 8415     0.0
 8416     0.0
 8417     0.0
 8418     0.0
 8419     0.0
 8420     0.0
 8421     0.0
 8422     0.0
 8423     0.0
 8424     0.0
 8425     0.0
 8426     0.0
 8427     0.0
 8501     0.0
 8502     0.0
 8503     0.0
 8504     0.0
 8505     0.0
 8506     0.0
 8507     0.0
 8508     0.0
 8509     0.0
 8510     0.0
 8511     0.0
 8512     0.0
 8513     0.0
 8514     0.0
 8515     0.0
 8516     0.0
 8517     0.0
 8518     0.0
 8519     0.0
 8520     0.0
 8521     0.0
 8522     0.0
 8523     0.0
 8524     0.0
 8525     0.0
 8526     0.0
 8527     0.0
 8601     0.0
 8602     0.0
 8603     0.0
 8604     0.0
 8605     0.0
 8606     0.0
 8607     0.0
 8608     0.0
 8609     0.0
 8610     0.0
 8611     0.0
 8612     0.0
 8613     0.0
 8614     0.0
 8615     0.0
 8616     0.0
 8617     0.0
 8618     0.0
 8619     0.0
 8620     0.0
 8621     0.0
 8622     0.0
 8623     0.0
 8624     0.0
 8625     0.0
 8626     0.0
 8627     0.0
 8628     0.0
 8629     0.0
 8701     0.0
 8702     0.0
 8703     0.0
 8704     0.0
 8705     0.0
 8706     0.0
 8707     0.0
 8708     0.0
 8709     0.0
 8710     0.0
 8711     0.0
 8712     0.0
 8713     0.0
 8714     0.0
 8715     0.0
 8716     0.0
 8717     0.0
 8718     0.0
 8719     0.0
 8720     0.0
 8721     0.0
 8722     0.0
 8723     0.0
 8801     0.0
 8802     0.0
 8803     0.0
 8804     0.0
 8805     0.0
 8806     0.0
 8807     0.0
 8808  9999.0
 8809     0.0
 8810     0.0
 8811     0.0
 8812     0.0
 8813     0.0
 8814     0.0
 8815     0.0
 8816     0.0
 8817     0.0
 8818     0.0
 8819     0.0
 8820     0.0
 8821     0.0
 8822     0.0
 8823     0.0
 8824     0.0
 8825     0.0
 8826     0.0
 8827     0.0
 8828     0.0
 8829     0.0
 8830     0.0
 8831     0.0
 8901     0.0
 8902     0.0
 8903     0.0
 8904     0.0
 8905     0.0
 8906     0.0
 8907     0.0
 8908     0.0
 8909     0.0
 8910     0.0
 8911     0.0
 8912     0.0
 8913     0.0
 8914     0.0
 8915     0.0
 8916     0.0
 8917     0.0
 8918     0.0
 8919     0.0
 8920     0.0
 8921     0.0
 8922     0.0
 8923     0.0
 8924     0.0
 8925     0.0
 8926     0.0
 8927     0.0
 8928     0.0
 8929     0.0
 8930     0.0
 8931     0.0
 8932     0.0
 9001     0.0
 9002     0.0
 9003     0.0
 9004     0.0
 9005     0.0
 9006     0.0
 9007     0.0
 9008     0.0
 9009     0.0
 9010     0.0
 9011     0.0
 9012     0.0
 9013  9999.0
 9014     0.0
 9015     0.0
 9016     0.0
 9017     0.0
 9018     0.0
 9019     0.0
 9020     0.0
 9021     0.0
 9022  9999.0
 9023     0.0
 9024     0.0
 9025     0.0
 9026     0.0
 9027     0.0
 9028     0.0
 9029     0.0
 9101     0.0
 9102     0.0
 9103     0.0
 9104     0.0
 9105     0.0
 9106     0.0
 9107     0.0
 9108     0.0
 9109     0.0
 9110     0.0
 9111     0.0
 9112     0.0
 9113     0.0
 9114     0.0
 9115     0.0
 9116     0.0
 9117     0.0
 9118     0.0
 9119     0.0
 9120     0.0
 9121     0.0
 9122     0.0
 9123     0.0
 9124     0.0
 9125     0.0
 9126     0.0
 9127     0.0
 9128     0.0
 9129     0.0
 9201     0.0
 9202     0.0
 9203     0.0
 9204     0.0
 9205     0.0
 9206     0.0
 9207     0.0
 9208     0.0
 9209     0.0
 9210     0.0
 9211     0.0
 9212     0.0
 9213     0.0
 9214     0.0
 9215     0.0
 9216     0.0
 9217     0.0
 9218     0.0
 9219     0.0
 9220     0.0
 9221     0.0
 9222     0.0
 9223     0.0
 9224     0.0
 9225     0.0
 9226     0.0
 9227     0.0
 9228     0.0
 9229     0.0
 9230     0.0
 9231     0.0
 9301     0.0
 9302     0.0
 9303     0.0
 9304     0.0
 9305     0.0
 9306     0.0
 9307     0.0
 9308     0.0
 9309     0.0
 9310     0.0
 9311     0.0
 9312     0.0
 9313     0.0
 9314     0.0
 9315     0.0
 9316     0.0
 9317     0.0
 9318     0.0
 9319     0.0
 9320     0.0
 9321     0.0
 9322     0.0
 9323     0.0
 9324     0.0
 9325     0.0
 9326     0.0
 9327     0.0
 9328     0.0
 9401     0.0
 9402     0.0
 9403     0.0
 9404     0.0
 9405     0.0
 9406     0.0
 9407     0.0
 9408     0.0
 9409     0.0
 9410     0.0
 9411     0.0
 9412     0.0
 9413     0.0
 9414     0.0
 9415     0.0
 9416     0.0
 9417     0.0
 9418     0.0
 9419     0.0
 9420     0.0
 9421     0.0
 9422     0.0
 9423     0.0
 9424     0.0
 9425     0.0
 9426     0.0
 9427     0.0
 9428     0.0
 9429     0.0
 9430     0.0
 9431     0.0
 9432     0.0
 9433     0.0
 9434     0.0
 9435     0.0
 9436     0.0
 9501     0.0
 9502     0.0
 9503     0.0
 9504     0.0
 9505     0.0
 9506     0.0
 9507     0.0
 9508     0.0
 9509     0.0
 9510     0.0
 9511     0.0
 9512     0.0
 9513     0.0
 9514     0.0
 9515     0.0
 9516     0.0
 9517     0.0
 9518     0.0
 9519     0.0
 9520     0.0
 9521     0.0
 9522     0.0
 9523     0.0
 9601     0.0
 9602     0.0
 9603     0.0
 9604     0.0
 9605     0.0
 9606     0.0
 9607     0.0
 9608     0.0
 9609     0.0
 9610     0.0
 9611     0.0
 9612     0.0
 9613     0.0
 9614     0.0
 9615     0.0
 9616     0.0
 9617     0.0
 9618     0.0
 9619     0.0
 9620     0.0
 9621     0.0
 9622     0.0
 9623     0.0
 9624     0.0
 9625     0.0
 9626     0.0
 9701     0.0
 9702     0.0
 9703     0.0
 9704     0.0
 9705     0.0
 9706     0.0
 9707     0.0
 9708     0.0
 9709     0.0
 9710     0.0
 9711     0.0
 9712     0.0
 9713     0.0
 9714     0.0
 9715     0.0
 9716     0.0
 9717     0.0
 9718     0.0
 9719     0.0
 9720     0.0
 9721     0.0
 9722     0.0
 9723     0.0
 9724     0.0
 9725     0.0
 9726     0.0
 9727     0.0
 9728     0.0
 9801     0.0
 9802     0.0
 9803     0.0
 9804     0.0
 9805     0.0
 9806     0.0
 9807     0.0
 9808     0.0
 9809     0.0
 9810     0.0
 9811     0.0
 9812     0.0
 9813     0.0
 9814     0.0
 9815     0.0
 9816     0.0
 9901     0.0
 9902     0.0
 9903     0.0
 9904     0.0
 9905     0.0
 9906     0.0
 9907     0.0
 9908     0.0
 9909     0.0
 9910     0.0
 9911     0.0
 9912     0.0
 9913     0.0
 9914     0.0
 9915     0.0
 9916     0.0
 9917     0.0
 9918     0.0
 9919     0.0
 9920     0.0
 9921     0.0
 9922     0.0
    1     0.0
    2     0.0
    3     0.0
    4     0.0
    5     0.0
    6     0.0
    7     0.0
    8     0.0
    9     0.0
   10     0.0
   11     0.0
   12     0.0
   13     0.0
   14     0.0
   15     0.0
   16     0.0
   17     0.0
   18     0.0
   19     0.0
   20     0.0
   21     0.0
   22     0.0
   23     0.0
  101     0.0
  102     0.0
  103     0.0
  104     0.0
  105     0.0
  106     0.0
  107     0.0
  108     0.0
  109     0.0
  110     0.0
  111     0.0
  112     0.0
  113     0.0
  114     0.0
  115     0.0
  116     0.0
  117     0.0
  118     0.0
  119     0.0
  120     0.0
  121     0.0
  122     0.0
  123     0.0
  124     0.0
  125     0.0
  126  9999.0
  201     0.0
  202     0.0
  203     0.0
  204     0.0
  205     0.0
  206     0.0
  207     0.0
  208     0.0
  209     0.0
  210  9999.0
  211     0.0
  212     0.0
  213     0.0
  214     0.0
  215     0.0
  216     0.0
  217     0.0
  218     0.0
  219     0.0
  220     0.0
  221     0.0
  222     0.0
  223     0.0
  224     0.0
  225     0.0
  226     0.0
  301     0.0
  302     0.0
  303     0.0
  304     0.0
  305     0.0
  306     0.0
  307     0.0
  308     0.0
  309     0.0
  310     0.0
  311  9999.0
  312     0.0
  313     0.0
  314     0.0
  315     0.0
  316     0.0
  317     0.0
  318     0.0
  319     0.0
  320     0.0
  321     0.0
  401     0.0
  402     0.0
  403     0.0
  404     0.0
  405     0.0
  406     0.0
  407     0.0
  408     0.0
  409     0.0
  410     0.0
  411     0.0
  412     0.0
  413     0.0
  414     0.0
  415     0.0
  416     0.0
  417     0.0
  418     0.0
  419     0.0
  420     0.0
  421     0.0
  422     0.0
  423     0.0
  424     0.0
  425     0.0
  426  9999.0
  427     0.0
  428     0.0
  429     0.0
  501     0.0
  502     0.0
  503     0.0
  504     0.0
  505     0.0
  506     0.0
  507     0.0
  508     0.0
  509     0.0
  510     0.0
  511     0.0
  512     0.0
  513     0.0
  514     0.0
  515     0.0
  516     0.0
  517     0.0
  518     0.0
  519     0.0
  520     0.0
  521     0.0
  522     0.0
  523     0.0
  601     0.0
  602     0.0
  603     0.0
  604     0.0
  605     0.0
  606     0.0
  607     0.0
  608     0.0
  609     0.0
  610     0.0
  611     0.0
  612     0.0
  613     0.0
  614     0.0
  615     0.0
  616     0.0
  617     0.0
  618     0.0
  619     0.0
  620     0.0
  621     0.0
  622     0.0
  623     0.0
  701     0.0
  702     0.0
  703     0.0
  704     0.0
  705     0.0
  706     0.0
  707     0.0
  708     0.0
  709     0.0
  710     0.0
  711     0.0
  712     0.0
  713     0.0
  714     0.0
  715     0.0
  716     0.0
  717     0.0
  718     0.0
  719     0.0
  720     0.0
  721     0.0
  722  9999.0
  723     0.0
  724     0.0
  801     0.0
  802     0.0
  803     0.0
  804     0.0
  805     0.0
  806     0.0
  807     0.0
  808     0.0
  809     0.0
  810     0.0
  811     0.0
  812     0.0
  813     0.0
  814     0.0
  815     0.0
  816     0.0
  817     0.0
  818     0.0
  819     0.0
  820     0.0
  821     0.0
  822     0.0
  901     0.0
  902     0.0
  903     0.0
  904     0.0
  905     0.0
  906     0.0
  907     0.0
  908     0.0
  909     0.0
  910     0.0
  911     0.0
  912     0.0
  913     0.0
  914     0.0
  915     0.0
  916     0.0
  917     0.0
  918     0.0
  919     0.0
  920     0.0
  921     0.0
  922     0.0
 1001     0.0
 1002     0.0
 1003     0.0
 1004     0.0
 1005     0.0
 1006     0.0
 1007     0.0
 1008     0.0
 1009     0.0
 1010     0.0
 1011     0.0
 1012     0.0
 1013     0.0
 1014     0.0
